1
34 91 1
                                                                                           
                                                                                           
                                                                                           
                                                                                           
                                                                                           
                                                                                           
                                                                                           
                                                                                           
                                                                                           
                                                                                           
                                                                                           
                                                                                           
                                                                                           
                                                                                           
                                                                                           
                                                                                           
                                                                                           
                                                                                           
                                                                                           
                                                                                           
                                                                                           
                                                                                           
                                                                                           
                                                                                           
                                                                                           
                                                                                           
                                                                                           
                                                                                           
                                                                                           
                                                                                           
                                                                                           
                                                                                           
                                                                                           
                                                                                           w