23
34 91 1
                                                                                           
                                                                                           
                                                                                           
                                                                                           
                                                                                           
                                                                                           
                                                                                           
                                                                                           
                                                                                           
                                                                                           
                                                                                           
                                                                                           
                                                                                           
                                                                                           
                                                                                           
                                                                                           
                                          1                                                
                                                                                           
                                                                                           
                                                                                           
                                                                                           
                                                                                           
                                                                                           
                                                                                           
                                                                                           
                                                                                           
                                                                                           
                                                                                           
                                                                                           
                                                                                           
                                                                                           
                                                                                           
                                                                                           
                                                                                           
34 91 2
                                                                                           
                                                                                           
                                                                                           
                                                                                           
                                                                                           
                                                                                           
                                                                                           
                                                                                           
                                                                                           
                                                                                           
                                                                                           
                                                                                           
                                                                                           
                                                                                           
                                                                                           
                                                                                           
                                          2                                                
                                                                                           
                                                                                           
                                                                                           
                                                                                           
                                                                                           
                                                                                           
                                                                                           
                                                                                           
                                                                                           
                                                                                           
                                                                                           
                                                                                           
                                                                                           
                                                                                           
                                                                                           
                                                                                           
                                                                                           
34 91 3
                                                                                           
                                                                                           
                                                                                           
                                                                                           
                                                                                           
                                                                                           
                                                                                           
                                                                                           
                                                                                           
                                                                                           
                                                                                           
                                                                                           
                                                                                           
                                                                                           
                                                                                           
                                                                                           
                                          3                                                
                                                                                           
                                                                                           
                                                                                           
                                                                                           
                                                                                           
                                                                                           
                                                                                           
                                                                                           
                                                                                           
                                                                                           
                                                                                           
                                                                                           
                                                                                           
                                                                                           
                                                                                           
                                                                                           
                                                                                           
34 91 4
                                                                                           
                                                                                           
                                                                                           
                                                                                           
                                                                                           
                                                                                           
                                                                                           
                                                                                           
                                                                                           
                                                                                           
                                                                                           
                                                                                           
                                                                                           
                                                                                           
                                                                                           
                                                                                           
                                          4                                                
                                                                                           
                                                                                           
                                                                                           
                                                                                           
                                                                                           
                                                                                           
                                                                                           
                                                                                           
                                                                                           
                                                                                           
                                                                                           
                                                                                           
                                                                                           
                                                                                           
                                                                                           
                                                                                           
                                                                                           
34 91 5
                                                                                           
                                                                                           
                                                                                           
                                                                                           
                                                                                           
                                                                                           
                                                                                           
                                                                                           
                                                                                           
                                                                                           
                                                                                           
                                                                                           
                                                                                           
                                                                                           
                                                                                           
                                                                                           
                                          5                                                
                                                                                           
                                                                                           
                                                                                           
                                                                                           
                                                                                           
                                                                                           
                                                                                           
                                                                                           
                                                                                           
                                                                                           
                                                                                           
                                                                                           
                                                                                           
                                                                                           
                                                                                           
                                                                                           
                                                                                           
34 91 6
                                                                                           
                                                                                           
                                                                                           
                                                                                           
                                                                                           
                                                                                           
                                                                                           
                                                                                           
                                                                                           
                                                                                           
                                                                                           
                                                                                           
                                                                                           
                                                                                           
                                                                                           
                                                                                           
                                          6                                                
                                                                                           
                                                                                           
                                                                                           
                                                                                           
                                                                                           
                                                                                           
                                                                                           
                                                                                           
                                                                                           
                                                                                           
                                                                                           
                                                                                           
                                                                                           
                                                                                           
                                                                                           
                                                                                           
                                                                                           
34 91 7
                                                                                           
                                                                                           
                                                                                           
                                                                                           
                                                                                           
                                                                                           
                                                                                           
                                                                                           
                                                                                           
                                                                                           
                                                                                           
                                                                                           
                                                                                           
                                                                                           
                                                                                           
                                                                                           
                                          7                                                
                                                                                           
                                                                                           
                                                                                           
                                                                                           
                                                                                           
                                                                                           
                                                                                           
                                                                                           
                                                                                           
                                                                                           
                                                                                           
                                                                                           
                                                                                           
                                                                                           
                                                                                           
                                                                                           
                                                                                           
34 91 8
                                                                                           
                                                                                           
                                                                                           
                                                                                           
                                                                                           
                                                                                           
                                                                                           
                                                                                           
                                                                                           
                                                                                           
                                                                                           
                                                                                           
                                                                                           
                                                                                           
                                                                                           
                                                                                           
                                          8                                                
                                                                                           
                                                                                           
                                                                                           
                                                                                           
                                                                                           
                                                                                           
                                                                                           
                                                                                           
                                                                                           
                                                                                           
                                                                                           
                                                                                           
                                                                                           
                                                                                           
                                                                                           
                                                                                           
                                                                                           
34 91 9
                                                                                           
                                                                                           
                                                                                           
                                                                                           
                                                                                           
                                                                                           
                                                                                           
                                                                                           
                                                                                           
                                                                                           
                                                                                           
                                                                                           
                                                                                           
                                                                                           
                                                                                           
                                                                                           
                                          9                                                
                                                                                           
                                                                                           
                                                                                           
                                                                                           
                                                                                           
                                                                                           
                                                                                           
                                                                                           
                                                                                           
                                                                                           
                                                                                           
                                                                                           
                                                                                           
                                                                                           
                                                                                           
                                                                                           
                                                                                           
34 91 10
                                                                                           
                                                                                           
                                                                                           
                                                                                           
                                                                                           
                                                                                           
                                                                                           
                                                                                           
                                                                                           
                                                                                           
                                                                                           
                                                                                           
                                                                                           
                                                                                           
                                                                                           
                                                                                           
                                         10                                                
                                                                                           
                                                                                           
                                                                                           
                                                                                           
                                                                                           
                                                                                           
                                                                                           
                                                                                           
                                                                                           
                                                                                           
                                                                                           
                                                                                           
                                                                                           
                                                                                           
                                                                                           
                                                                                           
                                                                                           
34 91 11
                                                                                           
                                                                                           
                                                                                           
                                                                                           
                                                                                           
                                                                                           
                                                                                           
                                                                                           
                                                                                           
                                                                                           
                                                                                           
                                                                                           
                                                                                           
                                                                                           
                                                                                           
                                                                                           
                                         11                                                
                                                                                           
                                                                                           
                                                                                           
                                                                                           
                                                                                           
                                                                                           
                                                                                           
                                                                                           
                                                                                           
                                                                                           
                                                                                           
                                                                                           
                                                                                           
                                                                                           
                                                                                           
                                                                                           
                                                                                           
34 91 12
                                                                                           
                                                                                           
                                                                                           
                                                                                           
                                                                                           
                                                                                           
                                                                                           
                                                                                           
                                                                                           
                                                                                           
                                                                                           
                                                                                           
                                                                                           
                                                                                           
                                                                                           
                                                                                           
                                          12                                               
                                                                                           
                                                                                           
                                                                                           
                                                                                           
                                                                                           
                                                                                           
                                                                                           
                                                                                           
                                                                                           
                                                                                           
                                                                                           
                                                                                           
                                                                                           
                                                                                           
                                                                                           
                                                                                           
                                                                                           
34 91 13
                                                                                           
                                                                                           
                                                                                           
                                                                                           
                                                                                           
                                                                                           
                                                                                           
                                                                                           
                                                                                           
                                                                                           
                                                                                           
                                                                                           
                                                                                           
                                                                                           
                                                                                           
                                                                                           
                                         13                                                
                                                                                           
                                                                                           
                                                                                           
                                                                                           
                                                                                           
                                                                                           
                                                                                           
                                                                                           
                                                                                           
                                                                                           
                                                                                           
                                                                                           
                                                                                           
                                                                                           
                                                                                           
                                                                                           
                                                                                           
34 91 14
                                                                                           
                                                                                           
                                                                                           
                                                                                           
                                                                                           
                                                                                           
                                                                                           
                                                                                           
                                                                                           
                                                                                           
                                                                                           
                                                                                           
                                                                                           
                                                                                           
                                                                                           
                                                                                           
                                         14                                                
                                                                                           
                                                                                           
                                                                                           
                                                                                           
                                                                                           
                                                                                           
                                                                                           
                                                                                           
                                                                                           
                                                                                           
                                                                                           
                                                                                           
                                                                                           
                                                                                           
                                                                                           
                                                                                           
                                                                                           
34 91 15
                                                                                           
                                                                                           
                                                                                           
                                                                                           
                                                                                           
                                                                                           
                                                                                           
                                                                                           
                                                                                           
                                                                                           
                                                                                           
                                                                                           
                                                                                           
                                                                                           
                                                                                           
                                                                                           
                                         15                                                
                                                                                           
                                                                                           
                                                                                           
                                                                                           
                                                                                           
                                                                                           
                                                                                           
                                                                                           
                                                                                           
                                                                                           
                                                                                           
                                                                                           
                                                                                           
                                                                                           
                                                                                           
                                                                                           
                                                                                           
34 91 16
                                                                                           
                                                                                           
                                                                                           
                                                                                           
                                                                                           
                                                                                           
                                                                                           
                                                                                           
                                                                                           
                                                                                           
                                                                                           
                                                                                           
                                                                                           
                                                                                           
                                                                                           
                                                                                           
                                         16                                                
                                                                                           
                                                                                           
                                                                                           
                                                                                           
                                                                                           
                                                                                           
                                                                                           
                                                                                           
                                                                                           
                                                                                           
                                                                                           
                                                                                           
                                                                                           
                                                                                           
                                                                                           
                                                                                           
                                                                                           
34 91 17
                                                                                           
                                                                                           
                                                                                           
                                                                                           
                                                                                           
                                                                                           
                                                                                           
                                                                                           
                                                                                           
                                                                                           
                                                                                           
                                                                                           
                                                                                           
                                                                                           
                                                                                           
                                                                                           
                                         17                                                
                                                                                           
                                                                                           
                                                                                           
                                                                                           
                                                                                           
                                                                                           
                                                                                           
                                                                                           
                                                                                           
                                                                                           
                                                                                           
                                                                                           
                                                                                           
                                                                                           
                                                                                           
                                                                                           
                                                                                           
34 91 18
                                                                                           
                                                                                           
                                                                                           
                                                                                           
                                                                                           
                                                                                           
                                                                                           
                                                                                           
                                                                                           
                                                                                           
                                                                                           
                                                                                           
                                                                                           
                                                                                           
                                                                                           
                                                                                           
                                         18                                                
                                                                                           
                                                                                           
                                                                                           
                                                                                           
                                                                                           
                                                                                           
                                                                                           
                                                                                           
                                                                                           
                                                                                           
                                                                                           
                                                                                           
                                                                                           
                                                                                           
                                                                                           
                                                                                           
                                                                                           
34 91 19
                                                                                           
                                                                                           
                                                                                           
                                                                                           
                                                                                           
                                                                                           
                                                                                           
                                                                                           
                                                                                           
                                                                                           
                                                                                           
                                                                                           
                                                                                           
                                                                                           
                                                                                           
                                                                                           
                                         19                                                
                                                                                           
                                                                                           
                                                                                           
                                                                                           
                                                                                           
                                                                                           
                                                                                           
                                                                                           
                                                                                           
                                                                                           
                                                                                           
                                                                                           
                                                                                           
                                                                                           
                                                                                           
                                                                                           
                                                                                           
34 91 20
                                                                                           
                                                                                           
                                                                                           
                                                                                           
                                                                                           
                                                                                           
                                                                                           
                                                                                           
                                                                                           
                                                                                           
                                                                                           
                                                                                           
                                                                                           
                                                                                           
                                                                                           
                                                                                           
                                         20                                                
                                                                                           
                                                                                           
                                                                                           
                                                                                           
                                                                                           
                                                                                           
                                                                                           
                                                                                           
                                                                                           
                                                                                           
                                                                                           
                                                                                           
                                                                                           
                                                                                           
                                                                                           
                                                                                           
                                                                                           
34 91 21
                                                                                           
                                                                                           
                                                                                           
                                                                                           
                                                                                           
                                                                                           
                                                                                           
                                                                                           
                                                                                           
                                                                                           
                                                                                           
                                                                                           
                                                                                           
                                                                                           
                                                                                           
                                                                                           
                                         21                                                
                                                                                           
                                                                                           
                                                                                           
                                                                                           
                                                                                           
                                                                                           
                                                                                           
                                                                                           
                                                                                           
                                                                                           
                                                                                           
                                                                                           
                                                                                           
                                                                                           
                                                                                           
                                                                                           
                                                                                           
34 91 22
                                                                                           
                                                                                           
                                                                                           
                                                                                           
                                                                                           
                                                                                           
                                                                                           
                                                                                           
                                                                                           
                                                                                           
                                                                                           
                                                                                           
                                                                                           
                                                                                           
                                                                                           
                                                                                           
                                          0                                                
                                                                                           
                                                                                           
                                                                                           
                                                                                           
                                                                                           
                                                                                           
                                                                                           
                                                                                           
                                                                                           
                                                                                           
                                                                                           
                                                                                           
                                                                                           
                                                                                           
                                                                                           
                                                                                           
                                                                                           